dis:0.7598343685300207
gen:0.7598343685300207
